1 0.920473 0.719512 0.159053 0.521951
1 0.913594 0.237561 0.138690 0.328780
1 0.610347 0.106341 0.058338 0.128780
1 0.799119 0.356098 0.051734 0.093659
1 0.692075 0.335122 0.072097 0.320976
1 0.761145 0.541951 0.061640 0.118049
1 0.830215 0.697073 0.072097 0.149268
1 0.508806 0.789756 0.225096 0.412683
1 0.340671 0.270732 0.097964 0.147317
1 0.348101 0.064390 0.135938 0.126829
1 0.098514 0.049756 0.092460 0.091707
1 0.052559 0.263415 0.098514 0.169756
1 0.080903 0.581951 0.093561 0.235122
1 0.062466 0.816098 0.121629 0.363902
1 0.173913 0.863902 0.159604 0.264390
1 0.802146 0.185854 0.067694 0.108293
1 0.315080 0.684878 0.115025 0.236098
1 0.326637 0.917561 0.128233 0.164878
1 0.504678 0.240976 0.154100 0.171707
1 0.745184 0.420488 0.033021 0.083902
1 0.658778 0.761463 0.040726 0.092683
1 0.732251 0.867317 0.033572 0.074146
1 0.479912 0.458049 0.075949 0.186341
